32.665462 71.373587
12.424814 90.111904
75.051378 66.058808
14.385042 53.693058
10.204280 68.741072
77.312739 49.114254
1.490768 37.814333
18.777407 72.116335
93.201759 18.042323
46.491097 1.685905
32.181159 40.727703
18.504460 41.675671
60.934454 41.620037
82.459025 54.431050
58.393110 14.571916
11.419965 2.509703
10.478981 55.566793
22.000786 13.438513
30.049751 80.640717
88.229098 35.661846
47.143754 47.690138
1.409962 14.212100
1.350622 68.142313
57.450985 83.275188
22.061316 37.328979
86.241889 94.813715
25.233871 43.637581
80.351478 41.834357
29.645354 66.357170
10.842711 67.922415
59.341679 50.466715
80.313023 67.134430
49.433769 96.942791
21.909884 39.829434
84.678145 26.273862
7.029156 15.054552
62.582086 81.630815
22.677550 75.542218
57.078624 80.701849
47.457880 31.342314
