29.655729 20.365070
25.744908 50.110033
59.201068 8.397410
20.536620 24.395179
11.439669 43.891691
28.753587 96.098356
56.325678 10.393211
96.712610 75.008870
27.664195 63.248561
70.202050 16.710426
72.745607 30.290478
84.868659 21.452293
11.806552 78.161914
97.647490 60.340827
18.139656 55.530191
66.561019 72.910530
47.954500 25.699023
60.078168 21.818076
91.098402 40.402424
87.197752 71.958249
40.867526 96.609533
44.201593 98.163451
7.599115 79.785430
39.717710 87.187080
42.959657 35.338768
33.580489 24.871687
36.044253 12.672336
48.783379 49.803677
32.618454 11.578833
87.298452 96.965922
15.036278 78.092270
33.471378 15.802117
55.874571 81.297107
61.612906 0.843573
47.341045 28.542448
3.340912 21.400324
62.984701 59.090202
91.731930 85.303015
12.981991 67.641088
20.548645 4.483512