16.282934 29.239843
32.398552 10.001053
22.358485 14.169319
83.023102 84.082030
70.437168 17.067384
2.892535 12.524085
93.383576 93.828077
79.832090 95.200446
23.680172 82.274278
22.839891 48.435337
80.669990 13.480426
17.514059 54.904801
78.656218 44.135175
55.399013 54.973241
84.331372 37.372052
79.592173 8.393238
31.817023 53.330982
45.503804 75.790988
20.027204 49.027270
26.617645 74.089839
39.674347 48.920076
18.890067 6.998755
2.949254 99.574950
86.275182 49.171047
98.150154 68.625079
59.570352 68.320258
10.838720 92.611550
11.819232 2.111126
43.918906 23.499403
74.672323 46.310539
88.775932 99.281542
39.544889 12.329184
53.110923 41.361807
42.077756 77.868856
82.421155 94.790363
85.526098 47.000727
24.958943 82.264741
69.423966 72.090251
70.360402 61.960941
12.382469 24.569325
