10 6.885853
5 1.270975
4 0.311048
3 0.058636
3 0.006628
3 0.006628
3 0.006628
3 0.006628
3 0.006628
3 0.006628
3 0.006628
3 0.006628
3 0.006628
3 0.006628
3 0.006628
3 0.006628
3 0.006628
3 0.006628
3 0.006628
3 0.006628
3 0.006628
3 0.006628
3 0.006628
3 0.006628
3 0.006628
3 0.006628
3 0.006628
3 0.006628
3 0.006628
3 0.006628
3 0.006628
3 0.006628
3 0.006628
3 0.006628
3 0.006628
3 0.006628
3 0.006628
3 0.006628
3 0.006628
3 0.006628
3 0.006628
3 0.006628
3 0.006628
3 0.006628
3 0.006628
3 0.006628
3 0.006628
3 0.006628
3 0.006628
3 0.006628
3 0.006628
3 0.006628
3 0.006628
3 0.006628
3 0.006628
3 0.006628
3 0.006628
3 0.006628
3 0.006628
3 0.006628
3 0.006628
3 0.006628
3 0.006628
3 0.006628
3 0.006628
3 0.006628
3 0.006628
3 0.006628
3 0.006628
3 0.006628
3 0.006628
3 0.006628
3 0.006628
3 0.006628
3 0.006628
3 0.006628
3 0.006628
3 0.006628
3 0.006628
3 0.006628
3 0.006628
3 0.006628
3 0.006628
3 0.006628
3 0.006628
3 0.006628
3 0.006628
3 0.006628
3 0.006628
3 0.006628
3 0.006628
3 0.006628
3 0.006628
3 0.006628
3 0.006628
3 0.006628
3 0.006628
3 0.006628
3 0.006628
3 0.006628
