68.502263 24.590588
61.199387 37.565125
10.618105 45.417695
30.297481 60.673818
55.165530 71.845255
73.229923 52.620398
79.989217 65.909421
96.954723 22.337953
89.082452 25.164928
68.574170 24.193611
91.450276 68.366347
21.812514 32.237300
80.207760 6.053094
79.881133 18.240786
29.259759 42.244448
90.620890 16.002026
4.087460 83.469548
86.924305 63.515367
48.547786 36.614025
32.763060 99.069843
44.050141 15.225378
10.901806 13.740816
69.513331 28.686676
81.968903 73.079923
26.242847 94.025825
96.981479 20.364076
68.636749 87.507384
91.520234 60.153587
74.653264 72.321579
22.244607 50.175628
76.863219 83.788817
45.064416 95.377551
3.656529 26.590197
94.392675 17.903777
97.158994 97.532882
74.745209 80.332002
30.258585 25.761283
55.452795 96.347020
96.410824 35.030401
83.819700 39.572727
